0.0007163436867439302
0.002619669236138053
0.0052952202265305805
0.002224898937866683
-0.003750917921160884
0.006298036532155809
0.006336399466731336
0.0011899991622365512
-0.002882988335733881
0.004867828913747435
-0.013231588105205895
0.007504369473169241
-0.0021007472539319332
-0.0016857473564635193
-0.012852492108235154
-0.0050956165672393795
0.0072861537110539614
0.004043582243765054
-0.0017079740813360051
-0.0023322922112107543
0.01668208894489999
-0.00472615444802568
-0.004126649112056718
0.0010540714902117926
-0.0061309653004839905
-0.011168194483805266
-0.005635788651984912
0.008750685119653616
0.003660099517389921
-0.01728839464723508
-0.005688227944450181
-0.0011801391505441238
-0.009017228371252912
0.006641528184002129
0.006537579773280646
-0.008013018399003346
0.007156670107157443
0.005238550320646781
0.008393596831106482
-0.0048426256194695014
0.007235388645524298
0.006539379109868617
0.008366264911585796
-0.003074398908764485
-0.008852368921085898
0.008119923684222147
0.003531129800384554
-0.0021663801706302602
0.003810608708228155
0.010843133440146065
0.007058027151289076
0.009974509130087445
0.00803447318512004
-0.013957772193748753
0.005392439455808543
-0.006077352647945359
-0.002845836172667221
0.0015314030433792752
0.0034645056655441962
0.0023522803389449845
0.0014944549247189226
-0.0004942220402412334
-0.006778503963448215
-0.004910729883766757
-0.008070280065162966
0.009682742212059467
0.0036512449431288342
-0.004477573385768413
0.00037051527668417657
-0.0003861802714779496
-0.0012067293876558119
0.00047043602760985984
0.003911643904569989
-0.009081556981494982
0.008749270172910068
-0.0002605881019593833
0.005553534460680181
-0.003161172289425131
0.004853832087585345
-0.013854773624319314
0.0046513483484874486
0.007988037126319507
-0.0029473575919339895
0.006524655681591007
0.0050583954003824445
-0.005345029073348136
0.0025728496016003168
-0.0009048096695254262
-0.007903978888504465
-0.011395146162632616
-0.008380440910180344
-0.01085034490218611
-0.003935682868701036
-0.004449111064503093
-0.005619171691622329
-0.007287719371499224
-0.004554888628281347
-0.0006169123329304618
0.003946762281763866
0.006762783894810587
-0.00045626877221154754
0.001693412486251282
0.00612885457570461
0.003408180589794696
0.013758038498623401
-0.00026506388957361123
-0.001648302179021888
0.007036341069086237
-0.013272935508120877
0.002853514341854594
-0.002943353994512555
0.0038967756671457352
-0.005156410489714872
0.005099451403064916
-0.00203133552350666
0.00879756153313737
-0.004505220975345396
0.0051365794880322245
-0.011511008098619796
0.008629849291175336
0.007117947829242445
-0.004380774271022671
-0.00032486383707673393
-0.0060044879184718
0.006107217854884716
-0.002225733973977746
0.0016075904061746279
-0.00731715872128607
0.007976634530266221
-0.0015643237933967613
0.004831462347905644
0.0033711305825612674
0.0026040900212293294
0.005421561735098339
-0.000297095939173733
0.003663329240427454
-0.007199306539092493
-0.004754804292564964
-0.004500890216878808
0.00295666783188267
-0.011738915928762113
-0.013602054770791355
0.0032120877163234482
0.00032725592557824245
0.0017988028126301864
-0.004420165092204953
4.769265289147137e-05
0.004864834540860605
0.0014761564745192186
-0.008882586278230867
0.007371869341063008
0.0073858797910401055
-0.002672284216413022
-0.008140004426854294
-0.004821894359143985
0.0006335511634082784
-0.003817751650786685
0.006272282934071874
-0.0017709442263419389
0.006958594727927101
-0.007884998138829424
-0.0006966353792191745
-0.007920335068336294
0.0022669235141079655
0.009943963033093778
0.005269207923166303
0.0007094179166091345
-0.0018608884799633358
0.00785141712671688
-0.008736701695626075
-0.009286248875343064
-0.0025548347780749497
-0.006655324145756519
0.006598087637390172
0.0022591358994243616
0.005525399008677407
0.00048472061819035254
0.003166418722802374
0.0019921073619474355
-0.00451990686479555
-0.006187707882824334
0.007033093093338641
-0.0041860575093470576
-0.005647544486761203
0.0058606454562054626
0.0035937662864510248
0.010183976557175138
0.004015543783439183
0.0010423630339305768
-0.002495328835977529
0.00198710054624921
-0.0022886984442827964
-0.0035873401118522966
0.005398578473263789
-0.00549287726460246
-0.004923844468120052
-0.0014947479380068862
-0.0009023000758043036
-0.0010405455681509292
-0.001842137043607527
0.004479488901987818
-0.00013152460536181428
-0.004725713260499957
-0.0030454058924267763
-0.004103455984851288
-0.0027695729741305077
0.004813365270356946
-0.0016341507765666122
0.0014574809510618585
-0.002826445954610185
0.00029756779198271627
-0.006945540285499454
-0.0028090157161969505
-0.005268245373597964
-0.002810370972576631
0.00011918862957615718
0.004702344393773809
-0.010009288695531048
-0.00756099991779048
-0.0027997331542582047
0.006679859401834073
-0.0027808003795069982
-0.007117289850309569
0.0005691124785377122
-0.00683238206798392
0.007667657946551199
0.0009770101285530976
-0.004753917371230217
0.005134588963076831
0.006136369793965865
-0.0024800348046576997
0.005507901728296532
-0.013458703921325959
-0.003462363636886421
0.0018310856534747492
0.00416824301695174
0.0056198019770105105
0.002911008024469448
0.001981495278913361
0.01088413988656669
-0.0043897698626887815
-0.00735931681413392
0.007955536024745916
-0.012661857548130456
-0.005333162815244811
0.01171300743875602
0.007706728002190914
-0.0013239822263135207
-0.010797125075928884
0.0008314925590438517
0.0019168591159996024
-0.005107426297162492
0.010970802957053907
-4.872070597359284e-05
-0.0014573516341521739
0.0015802290220403568
-0.0016368407645093008
0.0024737542630026933
-0.007263046299535997
-0.003945976435304364
7.314193997475726e-05
0.002819096198739674
0.011144162424804108
-0.01098962138003086
0.004590627803902248
-0.008092284034576475
0.0012361324339468724
0.0010810254190098153
-0.004486082578893923
-0.004640906805648256
-0.004766934477542129
0.0002812625600115089
0.0007160652829767733
-0.006570834455762261
-0.00022034064070968214
0.00549989993019483
-0.001862241068892422
-0.001813107323292042
-0.003698273911162713
-0.0030245076966648695
-0.00048528486500688095
0.005977959052660864
-0.0038905848511147493
-0.0023866819892502623
-0.004781293084063253
0.004922510213585042
-0.0010198820662120326
-0.00952441689990063
0.008981206402652101
-0.002186265225164375
-0.008204603495321395
-0.002015485231263416
0.00462740616113763
-0.0026835239289029118
0.00398900289326273
-0.009590367135095645
-0.006999564054331641
0.005499288750700327
0.001203105509011044
0.006974627659592739
-0.001709581274582144
-0.001474525785592295
-0.002944447933415714
-0.0014026896237078071
0.006531202344879803
0.0066763908993583716
0.005839774799389424
0.006465387000356551
0.0033233356677306487
-0.0008627287737541027
0.004141933365150945
0.009328704609760135
0.002807704389478856
-0.0012279656807873225
-0.010077497050732916
-0.0070579952632946474
0.010641212723330311
-0.004637936211229519
0.003292539395009769
-0.0032613015449913458
-0.000314861125432159
-0.004601888509410987
0.00033549251913679947
0.004103701820660103
0.0066337819395540475
-0.004680059414755962
-0.006719424196826895
0.001710956077006142
-0.004975244619121893
0.0039643648644590345
-0.015718111348135128
0.006353519893318303
0.012411258422910068
-0.00572698783874445
0.004074079758520449
-0.0037600869725605435
-0.0017175605667590897
-0.005048697678315488
-0.006921676934202875
0.010448958007790292
-0.0048061238461589405
0.0018061773116695163
0.001230344032425399
0.002715067178279291
-0.00902806419042012
-0.0037759785445112487
-0.00778997769355508
-0.006627004909442955
-0.0017838614936968589
0.011001128937759156
-0.0002982851314034773
-0.005006160506010008
-0.0013515042985592165
0.00019668820458309172
-0.004497436807316557
0.007308949476773151
0.0030958471132097993
0.0036807863301817085
0.007414042186067365
0.008929211129749036
-0.003721364749008174
-0.00988964582988748
0.0033242387036602618
0.005603901020365558
1.4618922994111677e-05
0.008744100214412152
-0.022184904047969724
0.00995962769189265
-0.00030565226642938155
0.008285660936442106
-0.008381125680300198
0.005211112464088229
-0.0038060048442201087
-0.0037752444688648455
-0.007068831202446683
0.010793150389607804
0.005471267842120186
-0.00301429292837702
0.005434323632804444
-0.0038064717845048015
0.002837153949217255
0.0008427585740091899
0.0013109040996250913
0.007307762880958887
-0.009480077462655978
0.00394008354975559
0.011097979628054833
-0.0006573374141064701
0.0016822873146575342
-0.0018578788844588695
0.006506434384992057
0.004558541204880979
-0.007741076927943235
-0.005487801057105107
0.0027571086445192902
-0.003371284595031122
0.0002751056334572082
-0.004339807360445382
-0.006606944657008043
-0.009173837150111231
-0.0017584521491901773
0.001439575418728007
0.011610981589272344
-0.0028438018136222264
-0.001268529285328612
-0.009650296016446694
0.00493294801286026
-0.0023408720828636586
-0.003518940191511977
-0.01612912959267149
0.003144284563136979
0.013624231784239793
-0.003944419135865507
-0.01022119967291822
0.010963988039961365
0.0017258119629347643
-0.003398329746490442
0.010387705027208868
0.004938746414099398
-0.008098572919768614
-0.003488835273938357
0.0024019308553653402
0.001800895476044869
-0.012000207797594704
0.0004541581332194179
-0.004808656500041803
0.003217958015295631
0.0023722946714624794
-0.0033027293491337375
0.0019206420146042047
0.014319244488539813
-0.0037572630377645413
-0.004713734614833476
0.0007972437903595484
0.002094407838703532
0.009070153921695679
-0.007981321791476025
0.006979051396437059
-0.0004926154422371818
0.0006535448736462114
0.007807717728301704
0.005996838320540465
0.005532690069609153
-0.0003515559153833775
-0.005579432069617718
0.0003073351199673033
0.006781402694138626
0.0025428601291929242
-0.01233330723799875
0.010415649976907897
0.009765908375941119
-0.005349015858865458
0.0032810531316934673
-0.01488682316154047
0.0068841917203091366
0.0041868732143170205
-0.005897542102418247
-0.0029094011757514306
6.401348132826153e-05
0.00627589134926041
-0.004684463461306238
-0.005049675631037432
-0.001895688544546054
-1.676671602202468e-05
0.0013965630475654706
-0.0037315014318236362
-0.007384008145143677
-0.0027033940618556482
-0.020823727072405953
-0.005795309234787288
0.005647395106902737
0.0008026238640062795
0.0027882188309688335
-0.005140992034680104
0.003586624549495218
0.0007685148197250024
-0.011010499653404015
-0.0037166101562095943
-0.012048017174562838
0.00040567171631717346
-0.0014231256316905054
-0.012676779352217869
0.0033090633594878645
-0.001561952093543086
-0.001095956972762399
0.0075586539146599435
0.0008628729770741794
-0.003188682856420428
-0.010538638528353435
-0.002387920493230726
0.02281323455428032
0.007672716447646509
-0.00011339361839856836
0.005681720147931824
-0.010799978197502218
-0.006557115472276587
-0.0040198539692844005
-0.007567350866525862
-0.0009739448186729422
-0.00968808425197506
0.012149196619256395
-0.006273052370737179
0.0031152226248882683
0.0012746190119486986
0.0003443691342993266
0.0020732569079543856
0.00907243072103422
0.007673058723445143
-0.0004934634276766802
-0.010768632803555288
0.00650990187056371
-0.0005841656307208567
-0.0025579147421940507
0.0022666715535152137
0.0002494581876522273
-0.0018135993200749003
0.012155376903415907
0.01079301187538477
0.0046412073030457435
0.0024386087642978647
0.002506481167589975
-0.000658026479588009
-0.0016700098520670737
-0.00047302128130480016
0.007342135695675489
-0.0015455368290395685
-0.004159899600273606
-0.0061771692222331205
0.0033095037049155653
0.0017874454710760147
0.001618363398373519
0.0035943444513466183
-0.005782742109572635
0.00011705234807298054
0.002795355150582969
-0.0027758593563647414
0.0036103683302464605
0.008614372911343383
0.0059713690003541705
-0.0051079951631026925
-0.005479488538710233
0.0054028600841494225
0.006837177387428556
0.002142314143086767
0.0025704736013201787
-0.01800985380853658
4.5267636878012e-05
-0.007826445281422094
0.001302422799492454
-0.005138463928987311
0.002972105414692397
-0.0014739816372221397
-0.0027707607449420383
-0.0002502832775212323
-0.005858395266624275
-0.006188592296492609
0.0063792738750411415
-0.007517860532337272
0.004079404916023959
0.004098702299678882
0.003143281612354566
0.00024990388669917594
0.0006124287933426209
-0.0049917175401519645
0.0072628738547661775
-0.00379281433224223
-0.005305817157082065
-0.0031623041949848073
-0.003436664604697491
-0.01213204756823291
-0.0008848061447874643
-0.004844922204393217
-0.012919232969724352
0.003982519092241676
-0.009367426299900422
-0.008519557061025345
-0.008583733721295788
-0.004182766713361899
0.0005092113688637026
-0.004544835793190722
0.002675783698933415
-0.012958239013069611
0.0028472824170474335
-0.006722823243349825
-0.006155272262688803
-0.0030999453299248103
-0.005343278160899332
0.0046310242186291765
-0.003626231430386434
0.00223082002452129
-0.00605599873817837
0.0107486559154682
-0.009436380934363492
0.0015298712572667187
-0.0026697987793319073
-0.006766206945215854
-0.0075976077824199155
-0.0055459617159527705
0.0009871141811997656
0.0008601695490751027
-0.0035935406337248258
-0.0037228710227028014
0.00046718561548200163
-0.001994265136908306
0.015310585908795383
0.012921719700450352
0.009941551630018601
0.00333180745013504
0.0026005446842693376
0.0036190516106163304
-0.006896396236474253
0.0024426664438795516
-0.0031992410406228265
0.0039039533429708595
-0.007765429815652447
0.0004980977850934651
0.004911593402090515
0.004760644150421637
0.0015029933340409533
0.0018589039680023372
0.004406276719703753
0.004146528560293872
0.015073820655832432
-0.0072421179961146154
-0.0008146660888394197
0.010847100173018251
-0.0017121224091271657
-0.004705061488767095
0.0004000362311064474
0.009653953503042257
0.0025390747210674203
0.0017966960495169166
-0.000760017900319062
0.008296750316032036
-0.005299039602127551
-0.008029114737704053
0.0025299144638018657
0.009990539800996158
0.0008629461113409459
-0.002581808645267628
-0.006888353357575594
0.002820502422312747
0.0008660057214964459
-0.0009990515160680142
-0.0060480518217280056
0.0027920294600754284
-0.0025415570809086373
0.008422601619620964
0.0018283257303592473
-0.0010943519405416046
-0.005039403342869289
-0.001418842748485886
-0.003758533034664174
0.01291956996136951
-0.00909011284468418
-0.0009139787337393556
-0.0024137686328881106
-0.008189325055254704
-0.005958422891225922
-0.010706684481229667
0.001414439824309213
-0.003662559619843319
0.0004787208881156759
0.008836559123534034
-0.0019270580282316797
0.0035161384899774907
-0.00585081390667013
-0.008252112665571581
-0.005466748082802594
-0.00776825259828846
-0.000149173182961741
0.01518369200065817
-0.0050030751355608066
0.002652490901385444
0.005836449603889588
-0.0029871897351818515
0.0012453208465314372
0.003675959349253748
0.002170788110267242
0.007804893362601694
-0.003013369777666564
0.00041494677984775345
-0.0035586978387153814
-0.002766470954676302
-0.009077584040735606
-0.0066254123465028575
0.00142262413438711
-0.009452803683129021
-0.015097867269462417
0.0005641970832500141
-0.000773446572537043
-0.004650578184082039
-0.001857208577025874
0.0038082798609329477
-0.010522818725868114
-0.0007025791158768382
-0.014943913583733343
0.002204839880840529
-0.004998494765812201
-9.556622396713608e-05
-0.0023622055191534173
-0.010830323848637658
-0.006035919108976487
-0.0021790323474937595
0.004996749112772751
0.005047280515931905
-0.00622645317232548
0.008182706452945781
0.003074294222431153
0.0010248486753843976
-0.0064766476577434
0.014679424229112571
0.005341937923644576
-0.0014633898595608733
-0.0009214103964732485
0.0016654862060370102
-0.0019885067421188136
0.0033624196321301045
0.0005309198227064034
0.0039907798089457045
-0.005495817230581766
-0.0010702750610593287
-0.00238426678379719
0.009909527017421232
-0.0018570022418736374
0.006703464895857679
-0.005784409759481242
0.0046809474283565885
-0.0021327005893239277
0.0017543987446307732
-0.0041654625378872295
-0.003481037633827366
0.001985590436107721
-0.00992293533596705
0.003677710507032519
-0.0027044802552503347
0.0016882736152741195
-0.0016780310903053892
-0.006940022915430218
-0.0008719624558843583
0.007257215792113315
-0.0008903737377010672
0.003914510418576434
-0.005048129646313596
0.007963213654005201
0.014566976803598794
-0.01160331586102803
0.007933434337965279
-0.004588918404734597
0.006772749402877633
0.008986008105626157
-0.013071059457246691
0.01284838111127345
0.0009616483006655535
-0.005070762962769955
0.006806924246399063
-0.004239908996610302
-0.007350667805863972
0.0006949988164878524
-0.011445033395204219
0.0035845755932796025
-0.0013616375739895106
-0.0017099250191756111
-0.005626364176105624
0.004913041065062293
0.014519777786190966
-0.004516885325772462
0.000537203737350173
0.008920481457357502
-0.013033280911679069
0.00699443395712172
-0.0033345338024639215
-0.001943738988621307
0.006354032656464505
-0.005589333796231773
0.003252857978713812
-0.014833627852259026
-0.013145965066325198
0.004503924092839236
7.02975940331636e-05
-0.0002740997567662905
0.003848412521064815
0.004985631685363592
-0.003756964766482335
-0.011069942969419818
-0.003974063855632021
0.007265379268124621
0.0014860791283375107
-0.003586780147074772
0.01001366541262579
-0.0036957235716943344
0.00221106748152261
0.00023243407031980505
-0.001872556710525436
0.007077074467799944
0.00974258833681211
0.0006391494136108718
-0.014389539321110107
-0.01005863555602638
0.00391213353076217
-0.003017952991728671
-0.004204631935670527
-0.008227638429215048
0.002776926420786928
-0.010670820270366501
0.00449087407910859
-0.004036166794369491
0.003741390897715658
0.00711278071433266
-0.00027944320568954183
-0.012417147387584308
-0.004587333149459084
0.008005219038127277
-0.004493257451829824
-0.0029200478218143794
0.0021145282819316344
0.00046551396419854243
0.0023729054976406095
0.0004102380198829724
0.0013243818076677043
0.0007505126545750938
0.0021847051028728278
0.0013198694576538582
0.002518120481273312
-0.0032952989929230484
-0.010708285637040734
-0.008083270936854325
-0.00014906644226612818
-0.008061837909446016
-0.008126730054859461
-0.006751765065594614
-0.019673982963997243
0.0031997810218119004
-0.005241464755706634
-0.0008806140941148324
0.002173677318394551
0.006796180307496949
-0.012976142243394752
0.003007601900886463
-0.00011835429277800235
0.0037372967856035104
0.007662418295250354
-0.011721394423370878
-0.0029048304146248836
-0.003899284567997191
-0.0034708358413439618
0.007606464498359421
-0.0007220991053503617
0.0031317772331886755
-0.0013578975371658782
0.001758597618856882
-0.006559702853418543
-0.0024795419881909445
0.0037862412899698035
-0.013722691798200263
-0.0013612070759800553
0.0007021956948098719
-0.012341189744936655
0.00650699744210641
-0.007234176861435574
-0.004971234709936418
0.0078118136005386855
0.0004250437641848826
-0.0021960637335571086
0.0064438336673674716
-0.006914021820385057
0.007211996665734308
-0.004719881907576551
0.004380456325885791
0.0017148977613254703
0.0009042669962346448
0.005387434431623003
0.006182334237098483
0.0011371916584981799
0.005266391713422866
-0.0032725499025204247
-0.002636928687445113
-0.006841814084153456
0.010342811583847636
-0.011693586270844913
0.0011372362172418396
0.016309544494396113
0.012810722284823543
-0.0023649044590538606
-0.004255368786152208
0.002878704127257271
0.0006407909589375853
-0.00643381456837273
0.00627732929673104
-0.0032910477488381313
0.0016549195781422198
0.00041479294554679476
-0.0011842441885744539
-0.012405226082289158
-0.007397421356621796
0.0015623114521404063
0.0006928209485593959
0.010463892612490654
-0.0036005102553818475
0.007132354701538253
0.005409884609752003
0.007945033710563251
0.011302593649454738
0.002463483862117884
-0.00238263803603981
-0.010147400430525777
7.668892920616107e-05
0.004750340073524578
-0.0013945605659591318
0.005402313659591683
-0.005212507930296501
-0.00787352920721041
0.00530675806733563
0.005167148660225008
-0.0037681650768802114
-0.006724644213366057
-0.003574003922850306
0.007614008033594142
-0.0001576081140889029
0.005363701189400235
-0.0024305491228714094
-0.002782360340874739
0.0016968932873261966
0.006704445856806957
-0.010817964290574878
-0.002484577742878999
-0.0008543622033287813
-0.002078591939734099
0.005830081542296476
0.0015898580584818211
0.002477551923932532
0.004944837119768016
-0.004420189895082613
-4.728880554762112e-05
0.007456227687701571
0.00496851646026877
-0.009074561862125375
-0.0037112045676779954
-0.020276378277590393
0.010295641221388112
-0.003986099730849063
0.00572936154813958
0.0049213114765104485
-0.001584995580833005
0.0062371864900372725
-0.002516045629599986
-0.008283846037459627
0.010441291270713257
0.010421936798135967
0.00045070425946037177
0.007225850529497323
0.009462668299381609
-0.004740027346209147
0.007366038084217403
-0.0015425331715869055
-0.00027746316416562585
-0.003067470347454453
0.0006282548794108194
0.006116906748553158
0.0034556086375976047
0.003467039568069466
-0.002949692278676747
-0.004993725681712027
0.00132797093889444
-0.0008806936732716678
-0.008126003580432462
0.009214265770651407
-0.001505097207516856
-0.0053106813404208975
0.004442153396537235
-0.0027554501375956853
-0.006341367484526824
-0.0028155506572454113
-0.011501822977969367
0.0009124118586200953
0.005451480227346436
-0.00223756044555012
0.009935843747966652
-0.002093506204623048
-0.001701409051959607
-0.004836788741265787
0.0038136798240780744
-0.006783708896443025
-0.00292173943390624
-0.0016432608210037597
0.006669809630393992
0.007066288503699244
0.006485482142132118
-0.011250083165973833
-0.0034803285454893243
-0.008216455313168532
-0.008146371782741232
0.005339502650016831
-0.0028818956472021506
0.003320753667681234
0.0050478586277761224
-0.00038984500301811906
0.004825282089887259
-0.0014233417053796747
0.0014293501070403501
