0.0022471876082241537
-0.00023031060765531111
-0.0044383133462348985
-0.0004526614339373109
0.0034538840698178606
0.002258711500039102
-0.00044587983871672643
-0.0004358512085748846
-0.0006457050081239894
-0.0022567178981823138
0.0032084994549596703
0.0003770720042658309
-0.00014760721016062437
0.0031717962370463974
-0.004341341980805099
0.0032393274490134277
-0.0006308839441505871
-4.730761969296032e-05
-0.0010175823873710495
0.0001343596865245509
-0.0025721325200602943
0.00239520727044308
-0.0002751670032333026
-0.0017449618379414486
-0.0010761907855639495
-0.0027183953348781397
-0.0011141197262682862
-0.0005968535824095632
-0.0032963952010701385
-0.006952504457812323
-0.0006517820817027545
0.0012771663213238492
-0.0012888193083687343
0.0048781980082417045
-0.0022625837621166552
0.001921571390075495
0.001652215752827839
-0.001891461830578985
-0.0027462703224790824
8.670129417978635e-05
-0.0012446859038502103
-0.0009098295119953315
-0.000453741231267573
0.0020442539740211413
-0.0014541244320388233
0.0033330985709426855
-0.002616315866752614
-0.001691413160386027
1.3909396020435581e-05
0.0018142152441220222
-0.0014154550307719847
0.0015795111291990519
3.472752281651774e-05
-0.0012478142040722832
-0.0015778771583751156
0.0030285602697374043
-0.0008889762117617455
-0.004525582553324841
0.0009742160138723443
0.0037892099262276067
-0.0015671619912393862
0.00039385021306345333
0.003371845515878459
-0.0036321181065379596
0.00013980147961832617
-0.002636894135962692
-4.778610266759321e-05
-0.0034949170445615174
-0.0005556173206628921
8.496792913959763e-05
-0.0035489708016134104
0.0036481739705532573
0.004187810799715555
-0.00166354782853665
-0.0006247425242360891
-0.0023216031169367222
0.0022400940642975384
0.0020592733525285063
0.0031630858359422533
-0.003900440110326502
-0.00020353065579750958
0.0013560802864305784
0.0028571546391336147
0.000717283610351669
-0.0005043581247143404
0.0047874865276414285
0.0007396782448934263
0.00040204555265390047
-0.0006632266852617167
0.0007313643522005735
0.0010930152206248523
0.003307903988305088
0.000784326864951858
-0.0056088887611162215
0.000442396252360949
-0.00017414489708820257
-0.000564834406892153
-0.0007254269213382401
-0.004720105100554476
-0.000147262360267802
-0.0031304888139803092
0.0014871688641683169
0.0033041621242832367
-0.0004402485630609571
-0.001729271577969813
0.0009883085185431093
-0.005013764621210714
-0.0010392020679486835
-0.0012293967466447838
-0.0011030832508156542
0.0028251291908696755
0.003962725546130839
0.001850960868200031
0.0010303469518424236
0.005390552100248257
-0.0004723948104181722
-2.9468056632818386e-05
-5.048788417812633e-05
-0.0003621066947250226
0.0028207903800982156
-0.003891848775565937
0.003685664749907375
0.001508127670931424
0.0008025169255542237
0.0012302453626794837
-0.0018283538266271448
-0.004428121977624692
-0.00025384318719907646
-7.896842104614975e-05
-0.0015198342897042466
-0.007142925479778505
-0.000615615590411928
0.00024570565338159566
9.998380960856288e-05
-0.00037071163007475845
-0.00020644900402897373
-0.003452444477580081
0.0026573873093860205
-0.0027782907955894074
-0.0018594125381240628
0.005097960374548801
0.0008636955599827364
0.0024813554010332224
-0.0002320595734886727
0.00024518195353079395
0.004708868572596646
-0.003518929246248002
-0.004102368632418594
0.004712308512233152
-0.0036330928821253386
-0.0011395080745728616
-0.00029263711526874317
-0.0009179609764860448
0.0047495165646011615
-0.001485896482667398
0.003428130475105502
-0.002890761878829336
-0.002418302338682458
0.003869176914034919
-0.003100594714887724
0.0010734639993786822
0.0007260246205868828
0.00023003906006929348
-0.00460539898121953
-0.002357778949097163
-0.0010835170146287806
-0.0018129433722823686
-0.0010764310692350668
-0.0028584632516975204
-0.0006818656604186931
0.0014705678996074672
0.0013102528522005604
0.0005342219827462723
0.00020516127283990915
0.003844850622776688
-0.002277464738358612
0.004057035647251983
-0.002696662853775161
0.0019579452811701145
-0.0015379318741335624
-0.0025703096495637867
-0.0029341228167754393
0.0024345820125669833
-0.0013710805331291368
-0.004054283362482458
0.000564617147551574
0.002087415995730156
-0.0036204518463867747
0.0008202755263907164
0.0005635020037086053
0.0018819007730961103
-0.00048221588893930615
0.0001074146475100841
0.004581654262127704
0.0007907904669846538
-0.0009506655323138134
0.0020338140235364264
-0.0021247282316737056
-0.0011289719255195773
-0.0015865657203943601
-0.0007604376978907457
0.001401438303699883
-0.003443145352330564
0.0015144220488854795
0.0015179144908748676
0.0017996929431461765
0.0029561752022423298
0.001077467510892188
-1.724402675024839e-05
0.0010497230507320327
0.0007315120256985296
-0.002319661848883515
-0.0021984984241821197
-0.0020325210327245616
0.0008007631478471551
-0.002178751130467613
-0.0009638261387846949
0.003979022410867935
0.0028519286562535733
0.0008586087161084086
-0.00584911612787777
0.005207160603041558
0.0035862635446151825
-0.0007573538994306357
0.00468040609291697
-0.005652245074177256
0.0026279187203443366
0.0007301869410067051
-0.00012677675018891527
-0.0007066744139879953
-0.0017630530717553427
0.0022476752228196
-0.0013405619965490016
-0.0035993489086479148
0.0029499030042024767
-0.0006659056886824148
-0.0010643909448539628
-0.002464293667891163
-0.0008556725842238232
0.0014103961129570673
0.0009827501714178427
0.001646937257369148
0.0011091177681145164
-0.00321038322321001
0.00046695449608030975
-0.0003182342884317334
-0.00023354876745606285
0.0016017070423162939
0.007684181609976734
-0.0006871817884985031
0.0025176585901645248
0.0013154977720471095
-0.0011084707475308242
-0.0023361906524236344
0.005222963757591328
-0.007179680482170324
-0.0015683954337597614
-0.0011421678372570804
-0.0031925599852263577
0.001065046307314335
0.0023641891419852214
-0.005248543397491802
-0.0034194478660616763
0.002610108021111137
0.006562277489099225
-0.0017832306616972968
-0.0034716072057431576
0.0009731193641903892
-0.0007653057054253133
-0.0018195745293927345
-0.004253459585563267
-0.00031692034358133335
-0.0009331864469231704
-0.004232962881994476
-0.00013509741596407065
0.0002443235614142942
0.0013013664980386461
0.0001855656971089939
-0.0018219654403450838
0.002274738913163042
0.0015843011322276659
-0.0003547692368049209
-0.0009781608652922264
0.00041583050705582545
0.002358232996244941
-0.0018266144244759898
0.00028818567593315287
-0.004063088730981739
-0.002932665278461657
-0.0007191188617272987
-0.0003880746670120372
-0.002442238732413012
-0.0028000612883527184
-0.0026687424711236583
0.0010184196696102214
-0.0010184829894954648
-0.0003411460906475482
0.00014846884722863316
0.00015395857362835255
-0.0014346076342517432
0.0029922928979116085
0.000707152079440673
0.0003963316081968646
0.0008773396971573471
0.00012183863730624767
-0.002072079205839155
-0.007090994250560791
-0.0020209373501099102
0.0017190843940067411
0.0012417353451220949
4.3218200023360205e-05
0.001506793699529223
0.001631739616394385
0.003224271441997841
-0.001986693492748003
-0.0014969018712166372
0.0012721656593298104
-0.0029726643345902707
-0.0014867693850595693
0.00017380529152561508
0.00021810646763601325
0.0009969442937069314
0.0035652096159587317
-0.0016278589890002051
0.0029686053422938
-0.0031125445086143937
-0.0010244871040617075
-0.0004953456677433142
0.0011189031971029725
-0.0006899902605167847
-0.0006887827304680187
-0.005761613090659954
0.00432515754813256
0.002841535413552301
0.0009063723136307427
0.002475885120738367
-0.003799057871351154
0.0007184303858869831
0.0018429550361081751
8.95984463070866e-05
-0.001362096442408679
0.0017572299627698588
-0.0027386453237236083
-2.553900675146241e-05
0.002581589081959454
0.00037494932686475745
-0.0012940902002029897
-0.0007139487792288193
-0.00033435818729300254
0.0022510403405708495
-0.0005082352415168102
-0.0009140480947651044
0.002061081289681158
0.0038998669897663944
0.001721963011176715
-0.0038445878447775986
0.0028223217603515435
0.0004892375049972132
-0.002112589957779681
-0.00227949429068278
0.0011519332544762712
-0.00012427881949371775
0.003693908090317808
0.0029793792946234336
0.0024649628572418784
-0.002919678345591428
-0.0011307602185140087
-0.00023768386377624647
0.0020742395327340343
-0.002748059738375467
-0.003030972178215173
-0.000584904231714548
-0.0044519389918473784
0.0024403919674598697
-0.0006581131232244952
0.000521023172757912
0.0016941592480015017
0.0024264009133347832
-0.0009616220834207376
-0.00016033913732903943
0.00035694273016335145
-0.0021070518068308937
-0.0018556104055412487
0.0028262456635327277
-0.0016105733047462848
-0.005030561713222555
0.00040649418079507447
-0.002697270192857843
-0.0014781658552492632
0.004721871301614646
0.0005173773298796732
-0.0011321486505889247
-0.0007268516488544641
-0.0014198816924851502
-0.0002142461378511127
-0.0043181890853163365
0.0012633687881182043
0.0013506874018548208
0.00041814211062905494
-0.0020862670812107414
0.0013717497259950226
-0.0023463336854863495
0.002398196261557986
0.0037642437226084145
0.00415608801850903
-0.0035401930995571196
0.0001836690447976331
0.001148758317537305
0.0014086666059559033
-0.001979568463265341
0.0013248570877181479
0.004020119791860608
-0.00034548669716748324
-0.0013034897977439108
-0.004401037930762504
-0.00014756507629831698
-0.0007167191540559503
0.002410619370726464
0.002877454464966457
-0.00446456337092359
0.0022956517738123507
0.002856285352629095
0.0021882254213916
0.003015104766786673
-0.0023766087231982787
0.00089985910214816
-0.006004574981508074
0.0002120822626798621
0.00011530822945355013
0.0006278767215637071
-0.0049730052229802375
-0.003981688330511566
0.00047819681512974204
-0.004227934097613605
0.001529787478960348
-0.0030003183209465194
0.0010920851024004607
-0.00107243928524738
0.001655777796872751
-0.0006440850178714627
-0.0002466328388233349
0.0014876102680584722
-0.0009775563103018982
0.0009789755578784767
-0.003716087716605226
-0.004295355346213567
0.0005851500622739786
0.00012293666817070998
-0.0036011633504727555
2.4194874896085174e-05
0.0013889725565713901
0.002873783863952686
-0.001211382017694995
-0.002292377050673837
-0.0020060356363373793
0.0017494671113474378
0.0028705438550133103
-0.002152835179272413
0.0051327847440349045
-0.0012071900829417439
-0.0010428308280209136
-0.00123911795076465
0.003796551960323064
0.006231170727695545
0.0017309693903159755
0.0014665679109036544
-0.0016967394732918834
0.0006537223810376588
-0.005499816746524781
-0.0031186845496402682
9.413235708998357e-05
-0.00017065596165938868
-0.0017628701415688278
-0.0011878035237546634
2.6903877907983736e-05
-0.002339465864508417
0.0015632143787635607
-0.002086611107251192
0.0013169362274679755
0.002295923114825505
-0.0008232909511113911
0.0021528250871342245
-0.0015522480840666846
0.000799616551364574
-0.004106953151912512
-0.0012608207230036075
-0.0028217969597495495
-0.0007044341998344443
-0.002854471701498987
-0.00011354058362433364
0.0005170649270995266
-0.00147769932816445
0.0007709498001812191
-0.004424494626042614
0.0004945161679959188
-0.000666299209889574
0.0015094973653424382
0.0014532967092935774
-0.001065097270916079
-0.002287445860419306
0.0011913049358487178
0.002645874341725819
-0.00034710744364528775
-0.0006680504708178619
-0.00035142750677301984
0.002186307389347383
0.004335555230266931
0.0028446355918286155
0.00010795381906257567
-0.0025885510233309046
0.0030106791070884297
-0.004907582515086104
0.0025497977684410624
0.000902631988446098
0.004788122576619738
0.001599230361861131
-0.005337728686670561
0.0009042125863595517
-0.0002588449010636065
-0.003035270699320248
-0.0017294870406250023
-0.0020444099129002208
-0.0002372922029417744
0.002587510044962295
0.0016884516345916064
0.0012256759434758307
-0.0021458602673570075
0.0022564095356185318
-0.001449975952578158
6.857635691431913e-05
-0.0016995177429546425
-0.002026676106177278
0.0021235226498101034
0.006106187457001259
0.00015395775059928764
-0.0033242193653100333
0.00254453272309425
7.060795379207602e-05
0.003118091556152486
-0.00010881552200536926
-0.003346780653962624
0.0018855861589769573
-0.0006674684303487496
0.00196930580483212
-0.0010631524154304235
-0.004914663354444461
0.005149689239021848
-0.0012022001836060415
-0.0007100312429308407
0.002260468308283614
0.0023634534779236153
0.00043449566863196736
-0.0020969544936984275
0.0016737167054608837
0.0003555657691677259
-0.0054990316443299415
0.002926389540936445
-0.0017148770920953963
-0.0005614122380602584
0.00477818588149012
0.0015556074676339447
0.0001548593266089918
-0.002543435959442665
-0.0015051857444822025
0.003360729045518324
-0.0016528887046800438
0.0015180045109060584
-4.5044123002138956e-05
0.002061664051274426
0.002388198399852665
0.00044306457224726114
-0.005272006246851749
-0.0029225650080770492
-0.003283536781044552
0.0006147861811525898
7.197181535192392e-05
-0.0047382522919977655
0.0031987631424278667
0.004800550069143347
0.0009544667989732602
0.0031699732307025417
0.002881782297453479
-0.00048519731764160224
-0.0017114823344527102
0.0020654188737888424
-0.0031947536140801177
4.2493093413523e-05
0.002079993651380062
-0.002012256769842848
0.001971138988747519
0.000447667236760751
-0.002065008115034915
0.00034162661138222136
-0.0008870182045309368
-0.0012331763443001454
-0.005709088103922382
-0.0007524966996919838
-0.0025315214891636823
-0.004462287146129317
0.003864121541751659
0.0011398060021651046
0.0008399002120487776
0.003050394294490079
-0.0002732476204931315
0.0019374990974525212
0.0003915551040580331
0.0007493692572791477
-0.0013516538046434937
-0.0006401771910481481
-0.003970033002337676
-0.00040786074828923224
-0.003348814378492551
-4.018910639670793e-05
-0.0017720311632531897
0.0008845801471436143
-4.810830101739267e-05
0.003172118512497655
0.002594567826063956
-0.0008251321017743605
-0.0012404775530119492
-0.0005882210358785597
-0.0029328317290669296
0.0002483917762865101
-0.0004932484762378367
-0.003112639291875045
0.0015274610707990688
-0.002232802022639195
-1.8660136444732243e-05
-0.001198715889622746
-0.0017489624197785387
0.0014579762605562863
0.0013046511259881014
0.00041252213068899214
-0.0006282266228957357
-0.00021397176731325924
0.0007089127878321343
-0.001369763587439148
0.0012248762988093598
0.0007136013750055656
-0.0009161139892579175
-3.7679690063506496e-05
0.0022974496316392292
-0.001562373017477773
0.0007168104135997309
0.0009609801312575462
0.0015155801895215966
0.00296465649881206
0.0013086916474833949
-0.0011899918540590104
2.7829608122486884e-05
-0.00220160742519511
0.001093332830826469
-0.0008220570180383994
-0.0013799783698064168
-0.004168048298382585
-0.0025400441274129187
0.0007390875128126759
-0.0033572518539008085
-0.0019702312528314778
0.0028799478615622043
0.0018177642890594768
-0.0020115270319387892
-0.0007345072977934888
0.00021002459820763673
-0.0008397319100636309
-3.0765639811697676e-05
-0.0009513091023145252
0.002075435763611327
0.0028965086557085178
-0.0030628977365222657
0.0003332575690761758
-0.0038044793447327614
-0.0011293658323759147
-0.0034012951349489838
0.004359120887817897
8.478973756789592e-05
-0.002289851621152388
-0.0027004478661867173
0.0031770789847759932
0.004334869267923094
-0.0004586232073260161
-0.003157467380495985
-0.0035714260097621333
-0.0015064752544848518
-0.0020942728873953177
0.0002374543986893385
-0.0026065255731681177
0.0002581183982616622
0.0015042425996282418
0.0019880282015945208
-0.0017058066375334718
-0.000897752834318009
0.0007759424966197995
0.00619455724614407
0.0008656841263551497
0.0012754758525984364
0.004702754366653481
0.0022636333450536334
-0.0019032572827336117
0.0007580944961445198
-0.0011987136258919616
-0.0011770511750905641
-0.000330699569674028
0.004191681894342941
0.00010661259639542792
0.0044704655170868714
-0.005410689267012694
-0.004407129385222005
-0.001607143446618638
-0.005499147878324085
-0.0006430146954013319
-0.0038014523439308875
0.0015712830531706458
-0.0001608151962584847
0.0032644241496696124
0.005261501916367573
-0.0005568811147940082
0.0006978977002382175
-0.003775931576910748
0.0014850474637738216
-0.0009977491663924628
0.0007371510966696812
-0.001449262975675537
0.0008931573758428974
0.0005184881184126336
0.002172408173797495
-0.0016092928526762072
-0.001961116040674681
0.00229744856809532
-0.0013520463711185773
0.005640283888010994
-0.002559783060472312
-0.0001781476745123843
0.00532036448460553
0.0008639108431441785
0.0027171220263863555
0.005315719110104841
0.0026042159370385544
-0.0009017546091652042
0.0002195443478824854
-0.005250932790461266
0.006321670048510672
-0.002711631299001197
0.000736355274349289
0.001997643759901593
0.0031189161080084934
-0.0008911001247457866
0.0029671236643241945
-0.0012020293870152157
-0.0004984210935774133
0.003003861460297748
-0.0013661363712687733
0.0006521697088359288
0.0030956563617714093
-0.0017746512226959382
-0.00030523112500626813
0.003690157904138612
-0.002273703490898194
0.0022410499240832172
-0.003855745946737966
0.0009956906202266862
0.003836282128854811
-0.0020785139071686897
0.0010929061517576037
0.001488906518947584
0.0022540019470652975
-0.0032384617082582496
0.0022912341809463105
0.0016925477924106343
-0.0036426666753178218
-0.0004042909347258351
0.0008382329470142599
-0.0052410241770649004
-0.0003887715699094306
-0.0019884155919591244
-0.0035156113591071703
0.0006154277649688447
0.00020995158781432377
0.003909753807184393
0.000900946489638572
0.0028185989974016715
0.004530764686136197
-0.0006236684589374061
0.00028119615196455877
0.0054032533773800085
-0.0011333173279291537
0.001059397377082321
0.0002330130116925816
0.0006889305634106037
-0.0031253683818863376
0.0009878453391328782
-0.0008779758362204646
-0.005076971232267106
0.005358254642398425
0.0034337255651717916
-0.0012374834741856787
-0.0013988767870165878
-0.002250321275974035
0.0031204092456069282
0.0007277797472252895
0.000650889623210635
-0.002229952108496274
0.0016641954163744376
-0.001172247115008087
-0.0006671923585223516
-0.0024361204846802082
-0.0018116553704921748
-0.00012905867488836032
-0.002446013514972006
-0.0010989388507900912
0.0034273842215947195
0.0011707124450379709
-0.0017084210394938313
2.9973218876926226e-05
0.0015394773763810709
0.0004453519258296117
-0.004243029348742747
-0.0012920017185832835
0.003384660458851468
0.001152460763051225
-0.0031132766122136737
-0.0023558077889269434
-0.0021468826661924473
0.0034649350902808945
0.0020930000673902234
-0.00015514817456588264
-0.0024878378544401208
-0.006088168280419529
-0.0021647272580923686
-0.002120010561977227
0.005403166151416434
0.0007642513531630948
0.0014157140550505709
-0.0019886815630452623
0.0019441212249079235
0.0002234170108891128
0.0030715830565268623
0.0004026657944497842
0.0013251233066155217
0.001401533645198262
-0.002160015433887979
-0.0005261718252857431
0.0009267919388827248
0.0023261795340991853
9.103073669265493e-05
0.0003205289414322793
0.0008388451722973523
-0.0013804982900012149
-9.595683353480184e-05
-0.0006516175019180512
-0.001913910704229548
-0.0018738097395250726
-0.0028023686500783006
-0.004280545126662821
-0.0010600403614403266
0.0037399622176650955
0.005055555383484779
0.002465967688960369
-0.0035434179519931676
-0.0005974388410045158
-0.0012638569490754446
-0.003509206987935893
0.0008523464783817387
0.0005806318955964776
0.0008860524830658725
0.0014135080976443054
0.0012092975417700182
0.00014632675021248183
0.0006123704382078884
0.0007246014525337948
0.004028703570924558
0.0008984361907559866
0.00048278381912639993
0.0034847367494651076
0.0030672651002621597
0.0017579402237203686
0.0021971993183533324
0.0012465594535650535
0.002236675564735241
-0.004167875248330012
0.0010747804952460924
-0.002922894627122091
-0.001531756721665327
-0.0004605026575125279
0.002878085729595662
0.0011768892419826598
0.0015427686241439025
0.0009899283559204588
-0.0019641624375501578
-0.002385032222165953
-0.0025759646778977766
-0.0024072451195487872
0.0029436510423070587
-0.001162057843054914
-0.0003450986114473369
-0.0016993570371802748
-0.0022859540194151164
0.003045844581834295
8.13839317625182e-05
-0.0018109325648138993
0.0005817750721028198
-0.006118485067876324
0.002114172469798245
0.001750384218361477
0.00251991292955778
0.002104282928990351
0.0038326008999661457
0.002165139301229297
0.0008990593404153295
0.001853912408472839
-0.004530286682381088
-0.0010850841437729933
0.0019697249014755365
-0.0009305783107438632
-0.0034538043245531226
-0.0022957931328695435
-0.0003662718509309273
-0.004834152727236851
-0.0002401399334872396
-0.0010498396980965447
-0.0009105298873487369
0.000528106220999687
-0.0016522156931608662
-0.0011509950189406398
-0.00020566073257327798
-0.00471437480489854
-0.0018136474275767145
-0.0018021211768785893
0.0013805685205428157
0.00441902944790591
0.0007449469513368325
0.001526275066380758
0.004021460844150575
-0.005716274762609462
0.0011229852183998895
-0.003176946016243868
0.0015208408376064858
-0.0005155090280479321
-0.002508463475761357
0.0018988527002815618
-0.0011467904337330965
0.0015460965938863488
-0.0020069883046543694
-0.002977212639337919
-0.0018490653423710068
0.0007111509771931047
0.0018316701517843456
-0.0072051002142643735
0.0018817863182043028
0.0025019230592614673
0.00022806549609719436
-0.00510664152618828
0.0006435099254421788
0.0004217296323923432
-0.0004759345718238896
0.0034247096143790873
-0.00037841377027489587
0.000988446627602177
-0.0004889425507774131
-0.0014145530879432341
0.001021431696872323
-0.004865266873085164
0.00011635509021967585
0.0010615391451708552
-0.002539570182026911
-0.0027612718435025647
-0.003273695532215218
0.0010865252863031393
0.0009900299639642879
0.0001489565207521442
0.0021316185508239455
0.0008296585410788253
0.00026181839785213197
-0.00040842775166720114
0.0028985996309933053
4.6277420449379215e-05
0.001595071821432061
0.003020705265205042
0.0013975173342837992
0.00029366825502367543
0.007201726204550478
0.0004777034538543109
0.0003108170886018824
-0.001647514414952774
-0.00047502384773481787
-0.0012872049863379667
0.001052190693668916
-9.383861156794104e-05
-0.0031839756971005126
-0.0007045292461079432
-0.002180922973767566
0.0025367295789049914
-0.0008836010000795539
0.0006838834276176365
0.0009498296349713809
0.0007610456461680427
-0.0030800964958369727
0.00343987577453674
0.003659873229207967
-0.0007490672908986926
